1       10000   12167   2167
2       12201   24543   12342
3       24601   36915   12314
4       37001   49337   12336
5       49401   61705   12304
6       61801   71137   9336
7       71201   88850   17649
8       89001   210452  121451
9       210601  316615  106014
10      316616  316616  0
11      349901  471232  121331
12      471301  596915  125614
13      597001  758783  161782
14      758901  844030  85129
15      844201  1057531 213330
16      1057701 1269057 211356
17      1269201 1473234 204033
18      1473401 1681883 208482
19      1682001 1891442 209441
20      1891601 2088126 196525
21      2088301 2281836 193535
22      2282001 2480285 198284
23      2480401 2494655 14254
24      2494801 2649468 154667
25      2649601 2793393 143792
26      2793501 2934671 141170
27      2934801 3085378 150577
28      3085501 3222636 137135
29      3222701 3356588 133887
30      3356701 3477610 120909
31      3477701 3620693 142992
32      3620801 3763048 142247
33      3763201 3890177 126976
34      3890201 3902587 12386
35      3902601 3914989 12388
36      3915001 3927398 12397
37      3927501 4042696 115195
38      4042801 4146036 103235
39      4146101 4226125 80024
40      4226201 4285108 58907
41      4285201 4442911 157710
42      4443001 4579972 136971
43      4580101 4768717 188616
44      4768901 4860827 91926
45      4860901 4936489 75588
46      4936601 5027043 90442
47      5027101 5129907 102806
48      5130101 5151980 21879
49      5152101 5159955 7854
50      5160001 5308305 148304
51      5308401 5454683 146282
52      5454801 5593869 139068
53      5594001 5723156 129155
54      5723201 5865790 142589
55      5865901 5997862 131961
56      5998001 6165810 167809
57      6165901 6364327 198426
58      6364501 6569230 204729
59      6569401 6771510 202109
60      6771701 6975045 203344
61      6975201 7178038 202837
62      7178201 7374989 196788
63      7375101 7567524 192423
64      7567701 7756604 188903
65      7756701 7884045 127344
66      7884101 7994818 110717
67      7994901 8051710 56809
68      8051801 8119036 67235
69      8119101 8198051 78950
70      8198101 8270881 72780
71      8271001 8317460 46459
72      8317501 8319354 1853
73      8319401 8319664 263
74      8319701 8376250 56549
75      8376301 8452838 76537
76      8452901 8524224 71323
77      8524301 8612675 88374
78      8612801 8720054 107253
79      8720201 8855540 135339
80      8855701 8965204 109503
81      8965301 9059191 93890
82      9059301 9140702 81401
83      9140801 9213374 72573
84      9213501 9288068 74567
85      9288201 9357261 69060
86      9357301 9448508 91207
87      9448601 9551906 103305
88      9552001 9652499 100498
89      9652601 9733190 80589
90      9733301 9804697 71396
91      9804801 9878339 73538
92      9878401 9944068 65667
93      9944201 9995437 51236
94      9995501 10062408        66907
95      10062501        10064046        1545
96      10064101        10154638        90537
97      10154701        10255637        100936
98      10255701        10339734        84033
99      10339801        10412321        72520
100     10412401        10475883        63482
101     10476001        10537669        61668
102     10537801        10611460        73659
103     10611601        10678978        67377
104     10679101        10764957        85856
105     10765101        10865434        100333
106     10865501        10964411        98910
107     10964501        11045093        80592
108     11045201        11128602        83401
109     11128701        11201524        72823
110     11201601        11276047        74446
111     11276101        11360976        84875
112     11361101        11460292        99191
113     11460401        11576667        116266
114     11576801        11694582        117781
115     11694701        11797512        102811
116     11797601        11890728        93127
117     11890801        11976835        86034
118     11976901        12064996        88095
119     12065101        12159874        94773
120     12160001        12255504        95503
121     12255601        12346479        90878
122     12346601        12461962        115361
123     12462101        12599499        137398
124     12599601        12734723        135122
125     12734801        12843113        108312
126     12843201        12937621        94420
127     12937701        13034185        96484
128     13034301        13126286        91985
129     13126401        13210231        83830
130     13210401        13306064        95663
131     13306201        13424720        118519
132     13424801        13552543        127742
133     13552701        13657214        104513
134     13657301        13755606        98305
135     13755701        13842225        86524
136     13842301        13924033        81732
137     13924101        14008888        84787
138     14009001        14105041        96040
139     14105101        14229028        123927
140     14229201        14367583        138382
141     14367701        14486069        118368
142     14486201        14582231        96030
143     14582301        14663185        80884
144     14663301        14736236        72935
145     14736301        14816863        80562
146     14817001        14910303        93302
147     14910401        14942730        32329
148     14942801        15004631        61830
149     15004801        15132007        127206
150     15132101        15249321        117220
151     15249401        15395025        145624
152     15395201        15551696        156495
153     15551801        15738228        186427
154     15738401        15919100        180699
155     15919301        16121837        202536
156     16122001        16305900        183899
157     16306001        16535494        229493
158     16535701        16734226        198525
159     16734401        16926647        192246
160     16926801        17117503        190702
161     17117601        17313540        195939
162     17313701        17498483        184782
163     17498601        17682205        183604
164     17682401        17871985        189584
165     17872101        18069647        197546
166     18069801        18266885        197084
167     18267001        18456725        189724
168     18456801        18614541        157740
169     18614701        18771678        156977
170     18771801        18853041        81240
171     18853101        18931159        78058
172     18931201        19008037        76836
173     19008101        19095614        87513
174     19095701        19213996        118295
175     19214101        19357040        142939
176     19357201        19474811        117610
177     19474901        19579829        104928
178     19579901        19662422        82521
179     19662501        19729497        66996
180     19729601        19795892        66291
181     19796001        19877894        81893
182     19878001        19900799        22798
183     19900901        19954700        53799
184     19954901        20067978        113077
185     20068101        20195963        127862
186     20196001        20311662        115661
187     20311801        20430236        118435
188     20430301        20494357        64056
189     20494401        20558820        64419
190     20558901        20627366        68465
191     20627401        20709995        82594
192     20710101        20823958        113857
193     20824101        20941907        117806
194     20942001        21026268        84267
195     21026301        21097501        71200
196     21097601        21166057        68456
197     21166101        21230549        64448
198     21230601        21287400        56799
199     21287501        21359700        72199
200     21359801        21387000        27199
201     21387201        21418087        30886
202     21418088        21418088        0
203     21418801        21441452        22651
204     21478501        21496526        18025
205     21496527        21496527        0
206     21496601        21560300        63699
207     21560401        21624229        63828
208     21632301        21699300        66999
209     21699401        21768100        68699
210     21768201        21839200        70999
211     21839401        21936600        97199
212     21936701        22048200        111499
213     22048501        22148700        100199
214     22148901        22240200        91299
215     22240401        22318800        78399
216     22318901        22390400        71499
217     22390501        22415206        24705
218     22465201        22565300        100099
219     22565501        22666603        101102
220     22666801        22778300        111499
221     22778501        22904000        125499
222     22904201        23010600        106399
223     23010701        23094000        83299
224     23094201        23186000        91799
225     23186101        23264300        78199
226     23264401        23352200        87799
227     23352301        23449500        97199
228     23449701        23572700        122999
229     23572901        23715500        142599
230     23715701        23834700        118999
231     23834901        23953400        118499
232     23953601        24060200        106599
233     24060401        24158100        97699
234     24158301        24255000        96699
235     24255201        24349074        93873
236     24349201        24447400        98199
237     24447601        24570402        122801
238     24570601        24693800        123199
239     24694001        24826500        132499
240     24826701        24932100        105399
241     24932301        25030504        98203
242     25030701        25131600        100899
243     25131801        25224200        92399
244     25224301        25325300        100999
245     25325501        25443701        118200
246     25444001        25561500        117499
247     25561701        25682300        120599
248     25682401        25784900        102499
249     25785101        25881571        96470
250     25881701        25968800        87099
251     25969001        26068800        99799
252     26069001        26170900        101899
253     26171101        26271400        100299
254     26271601        26386500        114899
255     26386701        26510284        123583
256     26510401        26631900        121499
257     26632101        26744600        112499
258     26744801        26864700        119899
259     26864901        26966500        101599
260     26966701        27061600        94899
261     27061701        27168400        106699
262     27168601        27252900        84299
